Cartesian coordinates of QM calculations 

Tyr
N   1.71857000  1.30235900  0.97945700
H   3.39192600  1.47766200  0.42271600
H   1.66904700  1.29736400  1.99837700
H   0.88353800  1.78602500  0.64812700
C   1.82459700 -0.05643000  0.43619700
H   1.57470900 -0.82256100  1.18968800
C   0.92065600 -0.28112000 -0.79740600
H   1.19830500  0.45638900 -1.56925800
H   1.17013500 -1.27508000 -1.19811800
C   0.56033800 -0.18718100 -0.50371900
C   1.30341000  0.95965100 -0.83244300
H   0.80983200  1.79257400 -1.34243200
C   2.66511900  1.05978000 -0.53916400
H   3.23423700  1.95398900 -0.80381500
C   3.32371500 -0.00132800  0.09802900
O   4.64606900  0.13546700  0.36370900
H   4.97637800 -0.66724100  0.79521300
C   2.59961000 -1.15763300  0.43007300
H   3.10825100 -1.99437200  0.91952500
C   1.23888900 -1.24153900  0.13070100
H   0.69532200 -2.15437100  0.39264700
C   3.29293900 -0.30828700  0.02936000
O   4.03798800  0.78991400  0.08380900
O   3.71104500 -1.38567600 -0.32484700

Tyr•+
N     1.89942700  1.23345600  1.13823600
H     2.95704200  1.31462200  1.26221900
H     1.42343100  1.22351300  2.04754900
H     1.57207400  2.04885800  0.60416000
C     1.82485700 -0.04610000  0.37249600
H     1.58628500 -0.84525300  1.08826400
C     0.87678000 -0.04998800 -0.82451500
H     1.12124000  0.78066300 -1.50429800
H     1.14405600 -0.98255400 -1.36305000
C    -0.57452100 -0.04321200 -0.47921200
C    -1.43902200  0.96068700 -0.99398000
H    -1.02485500  1.73958300 -1.63824500
C    -2.78616300  0.95941100 -0.70585800
H    -3.46161900  1.72047900 -1.10174600
C    -3.32276300 -0.06559300  0.12445900
O    -4.62177100 -0.02576900  0.36497200
H    -4.90642300 -0.76727800  0.93220100
C    -2.47653100 -1.07834200  0.65326900
H    -2.90297200 -1.86899900  1.27727300
C    -1.13184000 -1.05746800  0.35592100
H    -0.48649200 -1.84591300  0.75065800
C     3.32714600 -0.31817900 -0.09595500
O     4.16627700  0.38822800  0.49362000
O     3.44231700 -1.20236000 -0.95389100

Cpd I+His 
C    0.68167600  0.00049000  3.78896600 
N   -0.69161800 -0.00172900  3.73114000 
H   -1.32474100 -0.00323900  4.52715100 
C   -1.06348700 -0.00157200  2.43574200 
H   -2.09917800 -0.00369300  2.10694700 
N    0.00448400  0.00014500  1.64879700 
C    1.10374100  0.00169800  2.48285000 
H    2.12130300  0.00374900  2.10354900 
C   -3.41538500 -0.12185000 -0.59462300 
H   -4.50291700 -0.16242900 -0.68472800 
C   -2.73670700 -1.34465300 -0.51975700 
C   -3.37985400 -2.63775600 -0.50806700 
C   -2.38239500 -3.56438100 -0.39990800 
C   -1.14125200 -2.82709100 -0.36082100 
C    0.12462000 -3.41459900 -0.32037300 
H    0.16338600 -4.50537600 -0.28232000 
C    1.34779600 -2.73642100 -0.37965400 
C    2.63704800 -3.38437500 -0.44824500 
C    3.56496600 -2.38842700 -0.55653600 
C    2.83290700 -1.14363300 -0.53784000 
C    3.42082000  0.12193300 -0.58493500 
H    4.50855200  0.16239700 -0.67215400 
C    2.74168200  1.34454500 -0.50959800 
C    3.38518100  2.63763700 -0.49362800 
C    2.38780500  3.56407600 -0.38675200 
C    1.14617200  2.82684300 -0.35349800 
C   -0.11909200  3.41466800 -0.32074400 
H   -0.15762300  4.50545200 -0.28277200 
C   -1.34279900  2.73685900 -0.38753600 
C   -2.63146900  3.38489400 -0.46173800 
C   -3.55953600  2.38878400 -0.57095700 
C   -2.82799800  1.14393000 -0.54804900 
N   -1.48425700  1.38014600 -0.43079600 
N    1.38683700  1.48079700 -0.41407000 
N    1.48923100 -1.37956300 -0.42427600 
N   -1.38170200 -1.48120800 -0.42031400 
Fe   0.00346400  0.00004100 -0.50565300 
H   -4.45492000 -2.79842000 -0.57361000 
H    1.22733500  0.00112200  4.72878800 
H    2.79354600 -4.46174600 -0.42555300 
H    4.64781100 -2.47072000 -0.63730000 
H    4.46055500  2.79787800 -0.55446300 
H    2.46630600  4.64938500 -0.34502900 
H   -2.46086600 -4.64981100 -0.36113100 
H   -2.78784800  4.46235500 -0.44206000 
O    0.00547400  0.00009000 -2.12767000 
H   -4.64202900  2.47160600 -0.65613500 

Cpd II+His 
C    0.69381600  0.00051400  3.81450200
N   -0.68076400  0.00146900  3.76291200
H   -1.31086400  0.00217700  4.56032400
C   -1.05466300  0.00143200  2.46472000
H   -2.09077600  0.00213700  2.13618000
N    0.00786900  0.00041700  1.67521800
C    1.10820100 -0.00016300  2.50458000
H    2.12244800 -0.00108800  2.11500300
C   -3.42903100 -0.06111300 -0.56096700
H   -4.51801300 -0.08046300 -0.63554300
C   -2.76651900 -1.28643600 -0.51215500
C   -3.42753900 -2.57429200 -0.52227500
C   -2.44581800 -3.51843200 -0.43884300
C   -1.18685300 -2.80550200 -0.38966000
C    0.06199000 -3.42228300 -0.35146400
H    0.08121100 -4.51366800 -0.33070600
C    1.28802700 -2.76146600 -0.39134000
C    2.57149600 -3.42926700 -0.44494300
C    3.51875200 -2.45076500 -0.52802700
C    2.81242000 -1.18719500 -0.51268800
C    3.43109400  0.06080100 -0.55652300
H    4.52014600  0.08011300 -0.62945400
C    2.76860500  1.28592000 -0.50699100
C    3.42989200  2.57371200 -0.51532700
C    2.44835400  3.51781500 -0.43241200
C    1.18913500  2.80485400 -0.38593400
C   -0.05959800  3.42204400 -0.35237100
H   -0.07846600  4.51344200 -0.33194000
C   -1.28576900  2.76163600 -0.39650700
C   -2.56896400  3.42936600 -0.45312500
C   -3.51642100  2.45076400 -0.53611600
C   -2.81039100  1.18713100 -0.51835000
N   -1.46107200  1.40379900 -0.42412200
N    1.41232300  1.45447000 -0.41763000
N    1.46319700 -1.40390500 -0.41996700
N   -1.41014800 -1.45489300 -0.42120500
Fe   0.00209900 -0.00012600 -0.52264100
H   -4.50587800 -2.71740900 -0.58530600
H    1.24270700  0.00039600  4.75255200
H    2.70889300 -4.51005000 -0.43028400
H    4.60141300 -2.55498000 -0.59262900
H    4.50839400  2.71645500 -0.57582100
H    2.54719600  4.60273900 -0.41389600
H   -2.54457900 -4.60340400 -0.42193900
H   -2.70630000  4.51020000 -0.44066800
O    0.00321000 -0.00032300 -2.14213300
H   -4.59892600  2.55531300 -0.60327300 

IC1(gas phase model)
C   46.71748100 36.13506600 31.37940000
N   47.47423300 37.20251600 31.82526900
H   47.51142900 38.12559500 31.40983700
C   48.16571200 36.80303700 32.91851800
H   48.84845200 37.43322300 33.48331500
N   47.88846500 35.54115800 33.19049300
C   46.98924300 35.10524000 32.24463100
H   46.60975200 34.08770400 32.25462000
C   46.76389400 31.70373400 33.96277300
H   46.18463700 30.80181000 33.76169800
C   46.16073200 32.68777200 34.74330300
C   44.80868200 32.63861500 35.24731600
C   44.63157900 33.76345500 36.00276500
C   45.87819400 34.49289700 35.96741000
C   46.11846700 35.67506700 36.66100600
H   45.30358300 36.07187100 37.26940600
C   47.32087700 36.37851000 36.66797600
C   47.55552200 37.57080300 37.45372400
C   48.83589400 37.96466300 37.19485100
C   49.37466700 37.01775900 36.24348700
C   50.64459400 37.10744700 35.67784400
H   51.28453100 37.93055700 36.00079700
C   51.15561300 36.22868400 34.72683100
C   52.46283300 36.35188600 34.11695500
C   52.58537700 35.30988700 33.24601300
C   51.35609300 34.54935000 33.33365400
C   51.12649900 33.35608900 32.65270100
H   51.93047600 32.97898300 32.01832300
C   49.99721600 32.55673500 32.79070900
C   49.90535800 31.20051500 32.29978400
C   48.71808400 30.69159200 32.74347900
C   48.33212600 29.25318400 32.89536600
H   47.26702900 29.07694300 32.67051800
H   48.92385600 28.62470900 32.21292100
C   48.62898800 28.81595700 34.35638200
H   47.99913500 29.38806900 35.05485000
H   48.40615500 27.74543500 34.47753700
C   50.11749300 29.00672700 34.65480500
O   50.49198800 30.08979000 35.33845800
O   50.93587500 28.22472200 34.23487400
C   48.05202200 31.78179400 33.44139700
N   48.86560000 32.88148900 33.49036900
N   50.50135600 35.13515300 34.22542400
N   48.43924000 36.06272200 35.94305400
N   46.79142000 33.82362100 35.18961200
Fe  48.67042100 34.44093300 34.73605500
O   49.44502200 33.50918200 36.07573800
O   48.93312600 32.18955400 36.29090200
H   49.78258000 30.72614600 35.58393300
H   47.98066700 32.34046000 36.41664400
H   53.42948500 35.05168600 32.60812800
H   50.70669900 30.66688000 31.79057800
H   53.18297400 37.13622000 34.34597200
H   49.38098400 38.81640100 37.59943800
H   46.82500100 38.02825000 38.11964500
H   43.74528700 34.07779800 36.55234100
H   44.09891300 31.83790000 35.04420900
H   46.07135600 36.20128400 30.50873900

TS2(gas phase model)
C    0.00000000  0.00000000  0.00000000
N    0.00000000  0.00000000  1.38168700
H    0.81660800  0.00000000  1.98124300
C   -1.28720600 -0.00403200  1.80324600
H   -1.59466000 -0.00804500  2.84633200
N   -2.10309100 -0.00504500  0.76594700
C   -1.32292100 -0.00304000 -0.36685000
H   -1.76555300 -0.00457800 -1.35878300
C   -4.06211700 -3.42549300  1.10558900
H   -4.07636100 -4.51319200  1.17396200
C   -4.10656200 -2.87145600 -0.16789000
C   -4.17826500 -3.64536400 -1.38567700
C   -4.31426800 -2.75437300 -2.40966500
C   -4.30998100 -1.43656100 -1.81712700
C   -4.41147500 -0.25397800 -2.53909600
H   -4.53174500 -0.33009400 -3.62090500
C   -4.35084500  1.02061600 -1.98381200
C   -4.38582100  2.24601100 -2.74673300
C   -4.23378900  3.26760600 -1.85413000
C   -4.12151100  2.66478500 -0.54655000
C   -3.98579000  3.38502100  0.63546900
H   -3.93500500  4.47238800  0.55794900
C   -3.96728700  2.83281400  1.91050300
C   -3.92261600  3.60774600  3.12925100
C   -3.99166100  2.71941500  4.16310300
C   -4.06237900  1.40266500  3.57354100
C   -4.13182400  0.21648300  4.29842600
H   -4.19628700  0.28724200  5.38507900
C   -4.14662800 -1.05260800  3.73552200
C   -4.30530100 -2.27113100  4.48937300
C   -4.30250400 -3.30538000  3.59741200
C   -4.77505300 -4.70711400  3.82751200
H   -4.19114700 -5.43979200  3.24601200
H   -4.67043300 -4.96728200  4.89161500
C   -6.27630400 -4.80414800  3.44685800
H   -6.41599300 -4.58094900  2.37927800
H   -6.64214100 -5.82143800  3.65601600
C   -7.07349100 -3.81866800  4.31078000
O   -7.48578000 -2.71887600  3.76550500
O   -7.23395800 -4.05725100  5.50287300
C   -4.10502400 -2.70319500  2.28768300
N   -4.03146900 -1.33824600  2.39718500
N   -4.03571500  1.49581000  2.20815100
N   -4.18808900  1.29959400 -0.65206000
N   -4.16783100 -1.53654100 -0.45582900
O   -5.84375100 -0.02440600  0.96571400
O   -6.80679300 -1.99878600  1.57953100
H   -7.01518400 -2.26022900  2.62485900
H   -7.54135300 -1.42170100  1.32029300
H    0.91612800  0.00139400 -0.58375900
H   -4.14640200 -4.73298900 -1.42887700
H   -4.41155700 -2.95170900 -3.47623300
H   -4.50554200  2.29869800 -3.82788900
H   -4.20738400  4.33949000 -2.04492200
H   -3.86383900  4.69451900  3.16880200
H   -3.99807600  2.91860500  5.23369800
H   -4.49991300 -2.32139500  5.55952700
Fe  -4.23575100 -0.03682700  0.88637200

IC3(gas phase model)
C   46.55352700 36.66861600 31.60820700
N   47.68435400 36.18908400 30.97528000
H   47.92689700 36.32005000 30.00065800
C   48.41985300 35.50800200 31.88806300
H   49.36661300 35.01762600 31.67348900
N   47.81978300 35.52922300 33.06235800
C   46.65616700 36.24615600 32.91080500
H   45.97891000 36.40642100 33.74500500
C   46.95497900 31.73856100 33.88544300
H   46.45463600 30.80071800 33.64343700
C   46.22988000 32.65607500 34.63813600
C   44.87837900 32.43393200 35.10461000
C   44.54373000 33.51506300 35.86532800
C   45.68866400 34.39924100 35.85516100
C   45.74233100 35.62196000 36.51552600
H   44.86680500 35.92279800 37.09337700
C   46.82696500 36.49439100 36.48820900
C   46.85033100 37.78547900 37.13877200
C   48.05553400 38.35116600 36.84111900
C   48.76901200 37.39981900 36.01825900
C   50.05496000 37.60291100 35.52775900
H   50.54105000 38.54945000 35.77088400
C   50.78630200 36.67948100 34.78826300
C   52.14891900 36.88591300 34.34960000
C   52.53033800 35.74513300 33.70550700
C   51.39553800 34.84938900 33.74342500
C   51.37970500 33.57610500 33.17935400
H   52.30051700 33.21721900 32.71645500
C   50.28518200 32.71793100 33.17933100
C   50.30554300 31.37596900 32.64851400
C   49.06197400 30.84481200 32.84773900
C   48.64917100 29.41149900 32.70399400
H   47.57856900 29.31997900 32.46623300
H   49.20210800 28.93674100 31.87898900
C   48.93350300 28.64750000 34.01960600
H   48.50321200 29.16965600 34.88772900
H   48.52870900 27.62100000 33.97160800
C   50.40955700 28.52874700 34.25811300
O   50.95377700 28.64523700 35.39011100
O   51.25515300 28.30284200 33.35826100
C   48.27783400 31.88807400 33.49076500
N   49.04237900 33.00715000 33.67770300
N   50.34885400 35.44201400 34.39648100
N   48.00031600 36.28490900 35.81379600
N   46.69102800 33.86052500 35.09231400
O   49.11704000 33.84896700 36.17587300
O   49.17788100 30.99774300 36.18612000
H   50.13400200 30.86665100 36.13275500
H   49.08034200 31.97094900 36.23377400
H   45.79744300 37.25137300 31.08966300
H   44.28370300 31.54963200 34.87999600
H   43.61387300 33.71230900 36.39686800
H   46.03764100 38.19094200 37.73984300
H   48.44692500 39.32004900 37.14815300
H   52.72800400 37.79003600 34.53254000
H   53.48854200 35.51181400 33.24329900
H   51.18049900 30.87877700 32.23252500
Fe  48.55987700 34.59310000 34.84502200

IC3’(gas phase model)
C   42.80197900 39.11101600 45.47100700
H   42.56489600 39.53179600 46.46263400
H   42.04487000 38.34950700 45.23953200
C   44.16503100 38.49382500 45.44498600
N   45.32223400 39.21176000 45.69827500
H   45.36796700 40.19862900 45.92516900
C   46.38326300 38.36572900 45.60730900
H   47.41411700 38.67919900 45.76677700
N   45.97781400 37.14853900 45.30984900
C   44.60286700 37.20820800 45.20425000
H   44.02132500 36.32226100 44.95417400
C   54.22806100 38.89314900 51.72330400
C   52.85020800 38.97070400 51.44792600
H   52.29966500 39.87355500 51.73044800
C   52.16090200 37.92460400 50.83615900
H   51.08762300 37.99189300 50.64410600
C   52.83330400 36.74577200 50.46934100
O   52.13152300 35.74491700 49.89039000
H   52.63481200 34.89093900 49.95237000
C   54.21508100 36.66113600 50.71394600
H   54.75315300 35.76199300 50.40397300
C   54.88991000 37.71916400 51.33574100
H   55.96552200 37.62567800 51.51684900
C   55.44895400 34.17199800 52.98885400
H   56.42019600 34.69731200 53.01048800
H   55.24507600 33.75631400 53.99248200
N   55.40521700 33.15756000 51.95597300
H   54.64347700 33.22803300 51.23462600
C   56.25011400 32.13325400 51.88114100
N   57.21054900 31.97870200 52.82328100
H   57.24829600 32.57716600 53.63587200
H   57.86207200 31.20753500 52.78021700
N   56.16017000 31.26698800 50.87275600
H   55.43233600 31.39360400 50.12112300
H   56.76272900 30.45572700 50.84327400
C   53.20998900 36.88197000 37.51503400
H   52.72171900 36.94946200 36.52847400
H   54.26736100 36.61479000 37.35114300
C   52.52333200 35.89393600 38.40506700
N   52.40043200 34.54876000 38.09069100
H   52.74850600 34.10295100 37.24925800
C   51.74028800 33.92375300 39.09677000
H   51.51235700 32.86058600 39.11685700
N   51.42917700 34.79060200 40.04084000
C   51.90586300 36.01827400 39.62984300
H   51.77792400 36.90880900 40.23903500
C   41.11300500 30.37300600 47.41399600
H   41.58234100 30.03162800 48.34844300
H   40.88668100 29.47861100 46.80764100
C   42.00275000 31.33040400 46.65802400
C   41.51397200 32.02411300 45.53212200
H   40.47612400 31.87300200 45.22069000
C   42.31846100 32.89367400 44.80561500
H   41.93666800 33.42511000 43.93126800
C   43.66020900 33.10329600 45.18309500
O   44.39263700 33.95348600 44.43726300
H   45.32522200 34.01915000 44.74228000
C   44.16438800 32.42694500 46.30925200
H   45.19892700 32.59056500 46.62064800
C   43.34024200 31.55659000 47.02632200
H   43.75105800 31.03928000 47.89793600
C   49.87028500 31.02961600 41.32834800
H   49.61073200 29.97143200 41.27520300
C   48.95864900 31.94412000 40.76524600
C   47.77252300 31.56912700 40.02267900
C   47.16800000 32.73732900 39.64939500
C   47.96777000 33.81821000 40.19355800
C   47.60773300 35.15834600 40.19372800
H   46.69064400 35.42924400 39.66709200
C   48.25371200 36.17986700 40.91696800
C   47.73433000 37.52072800 41.09915000
C   48.58432000 38.15635100 41.96181200
C   49.63055200 37.21323300 42.27905000
C   50.72568800 37.49149100 43.08511500
H   50.77240900 38.47802100 43.54991900
C   51.81151700 36.63066700 43.29337200
C   53.02308400 36.98677300 43.99987400
C   53.87402500 35.92801800 43.86998900
C   53.16001400 34.91115400 43.12765200
C   53.62198000 33.62202700 42.91530800
H   54.63034100 33.38394200 43.25819500
C   52.82777200 32.55433000 42.47354800
C   53.17768300 31.17372600 42.69400200
C   52.07694300 30.42277600 42.39358800
C   51.85667400 28.97653800 42.71258300
H   51.33782400 28.45846300 41.88833500
H   52.83473000 28.49455900 42.84940700
C   51.04803500 28.81237200 44.01897700
H   50.02648100 29.20716500 43.90949600
H   50.95619800 27.73766100 44.25234800
C   51.72541800 29.50626000 45.21557900
O   50.92659300 30.07371200 46.04957100
O   52.96061200 29.52195700 45.28659900
C   51.08241800 31.37061900 41.89521200
N   51.56759000 32.66085600 41.97634000
N   51.91366000 35.37380600 42.78287200
N   49.40687200 36.02845200 41.62001200
N   49.07115100 33.29594300 40.83212000
O   49.68131600 34.03514100 43.28829000
O   51.23705800 32.62728400 44.89459900
H   50.63486000 33.23735800 44.41563700
H   50.71517500 31.82893000 45.08926400
N   52.57618900 31.80507400 46.98827500
H   52.48623100 32.26182100 46.06186000
H   51.82452900 31.00227600 46.84247100
H   53.47627400 31.32123600 47.09327200
C   52.36576400 32.78534900 48.07247900
H   52.51705300 33.79851900 47.66481500
C   50.93849200 32.72605300 48.66525500
H   50.72717900 31.68700100 48.96397600
H   50.95236200 33.33656200 49.57989900
C   49.86144000 33.24220900 47.73822000
C   49.02065500 32.36977800 47.01819700
H   49.16480500 31.29078100 47.10063800
C   48.04919700 32.86025900 46.15531800
H   47.41524000 32.18296300 45.57990000
C   47.87400100 34.25165900 45.99439400
O   46.90494600 34.68264000 45.17848200
H   46.71541800 35.68845600 45.21930600
C   48.71855500 35.13546700 46.70521400
H   48.58733200 36.21258700 46.58296100
C   49.69229700 34.63174200 47.56095600
H   50.33423300 35.31884100 48.12156000
C   53.45444000 32.59715300 49.14794500
O   54.26791200 31.66484300 48.99561400
O   53.44659200 33.43444600 50.09831100
H   54.67854200 34.92169800 52.77047200
C   54.94551500 40.02737400 52.42379500
H   54.72700500 40.99774400 51.94853800
H   54.63267700 40.10902800 53.47920700
H   56.03691500 39.88562600 52.41162700
H   53.18796800 37.92682800 44.52334200
H   54.88368600 35.81689900 44.26218500
H   54.09856600 30.81982900 43.15200900
H   47.46433000 30.53691800 39.82137600
H   46.24592300 32.87228900 39.08596900
H   46.82545400 37.90208600 40.63643800
H   48.55348600 39.17395900 42.35506500
H   40.14690600 30.83949000 47.66798700
H   42.70543700 39.92115400 44.72866600
H   53.18174400 37.87957500 37.97391600
Fe  50.44024400 34.32920100 41.87973600

IC4(gas phase model)
C   42.80197900 39.11101800 45.47100600
H   43.03586700 40.07579200 45.94992300
H   42.12563000 38.55653200 46.13484600
C   44.04196000 38.31082000 45.22649800
N   45.06923900 38.75017200 44.39698700
H   45.07315500 39.62152100 43.87650500
C   46.05791700 37.84082600 44.36744600
H   46.96722900 37.89585700 43.76786900
N   45.70446300 36.83474600 45.15282500
C   44.46047900 37.08726300 45.69154200
H   43.96145400 36.36816000 46.33388500
C   54.31346100 38.87900200 51.66585400
C   52.95984500 38.92504500 51.28356800
H   52.36326800 39.80690500 51.53785500
C   52.35251700 37.87569800 50.59567400
H   51.29743600 37.92101200 50.31580000
C   53.08537400 36.72394800 50.25720700
O   52.46235200 35.72455200 49.59439400
H   53.01271600 34.89452400 49.61608400
C   54.44325600 36.66746800 50.61817400
H   55.03033800 35.78969600 50.33809500
C   55.03500800 37.72953400 51.31348600
H   56.09452500 37.65971000 51.58014400
C   55.44897000 34.17200600 52.98887800
H   56.33741000 34.81670600 53.11591600
H   55.24269100 33.65309500 53.94186800
N   55.59954300 33.24486200 51.88564400
H   54.92452100 33.31565900 51.08185700
C   56.53348700 32.29779700 51.83749500
N   57.44711900 32.20033000 52.83288400
H   57.47116900 32.86679900 53.59099500
H   58.14739500 31.47207400 52.82684900
N   56.56699300 31.44614600 50.81505700
H   55.81215200 31.46843300 50.07276100
H   57.29196800 30.74336400 50.76395300
C   53.20999400 36.88197600 37.51502700
H   52.68132000 37.05580100 36.56270500
H   54.22492900 36.52159800 37.27707000
C   52.47236100 35.91599700 38.39005900
N   52.19718700 34.61078200 38.00901600
H   52.45394800 34.18482100 37.12589000
C   51.53060300 33.99392500 39.01690300
H   51.19414000 32.95991900 38.99129800
N   51.36015500 34.82707400 40.02387800
C   51.93609600 36.02463900 39.65462300
H   51.93349700 36.88202100 40.32241500
C   41.11300100 30.37300400 47.41399700
H   41.57002700 29.94159900 48.31755000
H   40.87936600 29.53660200 46.73216900
C   42.02682000 31.37812200 46.75242800
C   41.52696300 32.30270600 45.81859500
H   40.45646100 32.30881900 45.59185800
C   42.36191300 33.20745500 45.16466900
H   41.96768200 33.91284400 44.42942400
C   43.74007600 33.21648400 45.43047300
O   44.51299700 34.11335200 44.76552900
H   45.46456800 33.96643800 44.94824700
C   44.25559900 32.31382500 46.37231100
H   45.32418300 32.32438500 46.60267600
C   43.40388500 31.40974200 47.01580600
H   43.82799200 30.71096500 47.74293500
C   49.92591200 31.03395900 41.22132500
H   49.70915300 29.97157600 41.10396400
C   48.96794000 31.93661900 40.75765300
C   47.76328900 31.56503100 40.04486200
C   47.12975300 32.73103300 39.71975100
C   47.92875900 33.81007100 40.26422200
C   47.55879300 35.15157700 40.26303200
H   46.63707200 35.41751300 39.74226700
C   48.21340800 36.16504000 40.96825800
C   47.71461300 37.51088200 41.12829800
C   48.57336000 38.14826600 41.98881100
C   49.60816800 37.20080200 42.32299200
C   50.71736100 37.48916500 43.12210100
H   50.76660000 38.47694000 43.58397900
C   51.80253300 36.64054700 43.29953200
C   53.02642200 36.99453000 43.98564400
C   53.88920200 35.95281800 43.81026600
C   53.17537800 34.94135000 43.05990900
C   53.66836000 33.66701200 42.79470000
H   54.69262000 33.44873100 43.10053300
C   52.89271800 32.60393700 42.34749300
C   53.29724000 31.22060400 42.44059500
C   52.21225200 30.45478600 42.11933700
C   52.05593900 28.97457300 42.30113300
H   51.51818000 28.51572300 41.45562200
H   53.05171600 28.51093100 42.35042700
C   51.30426700 28.65812200 43.61477900
H   50.26927200 29.02688700 43.58201900
H   51.27341100 27.56644200 43.76859900
C   52.03114800 29.28313900 44.79656700
O   51.24149500 29.99667900 45.59563200
O   53.23024500 29.17664200 44.95716900
C   51.15772100 31.39384800 41.75378700
N   51.59601300 32.68317300 41.91913100
N   51.91932000 35.38628700 42.75807000
N   49.37108100 36.01682400 41.68380500
N   49.05077800 33.29734600 40.86357400
O   49.75106800 33.98703300 43.34223900
O   51.58378900 32.92994500 45.02994400
H   50.97470600 33.47476700 44.48540700
H   51.21593500 32.04152500 44.91442200
N   52.95109200 31.45979400 46.91917700
H   53.27290100 31.81354500 46.01878100
H   51.84556900 30.51457900 46.27173500
H   53.68469100 30.84567100 47.28574700
C   52.77105800 32.57102600 47.85237700
H   52.90696100 33.52752100 47.32416000
C   51.34989200 32.59643900 48.49195000
H   51.11883700 31.57871400 48.84308900
H   51.39871700 33.25858400 49.37018800
C   50.26235300 33.10191300 47.58855400
C   49.34806800 32.22035600 46.94576100
H   49.48680900 31.14275800 47.05223900
C   48.31485200 32.70191400 46.17993200
H   47.61524200 32.03355800 45.67431900
C   48.10844100 34.12675100 46.02672700
O   47.08211000 34.57225400 45.42900600
H   46.30208000 35.96725400 45.30287700
C   49.08745200 35.00949400 46.62663700
H   48.96328000 36.08402300 46.47487700
C   50.11528600 34.50834700 47.38522400
H   50.82819500 35.18166700 47.87107100
C   53.84244300 32.52508400 48.97012500
O   54.62095500 31.55071100 48.98714200
O   53.85267500 33.48549000 49.80030300
H   54.60431000 34.83619400 52.76742100
C   54.94551200 40.02736600 52.42379000
H   54.85069000 40.97633000 51.86974700
H   54.46117200 40.17814800 53.40368800
H   56.01690200 39.85232700 52.60461400
H   53.18796100 37.92681900 44.52333800
H   54.91003800 35.84886600 44.17471300
H   54.26319600 30.87184700 42.80162400
H   47.46432500 30.53691900 39.82137000
H   46.19148800 32.86495800 39.18315100
H   46.82061400 37.90100900 40.64269900
H   48.55348300 39.17396400 42.35506400
H   40.15317600 30.82910800 47.70494100
H   42.26462800 39.31475700 44.53060000
H   53.30793900 37.84874000 38.02744100
Fe  50.43482600 34.32789400 41.90212200

IC4’(gas phase model)
C   -3.99087700  0.18052000 -1.98459500
N   -3.45107600  1.44800200 -2.10419400
H   -3.82447300  2.20049700 -2.67592200
C   -2.34096300  1.52246200 -1.33480900
H   -1.71695300  2.40741100 -1.24247100
N   -2.13420700  0.36950000 -0.72335800
C   -3.14968900 -0.47694500 -1.11514700
H   -3.21451400 -1.49881800 -0.75246100
C    0.75195500  3.07070600  0.24920900
H    1.20358100  4.06109100  0.17006200
C    1.14725700  2.10757600 -0.67502900
C    2.07018800  2.34971900 -1.76403900
C    2.15807200  1.18495500 -2.46927600
C    1.30376700  0.22827700 -1.80023100
C    1.16112000 -1.10007100 -2.19098700
H    1.71722400 -1.42589100 -3.07157000
C    0.40835200 -2.05711000 -1.51663100
C    0.35752300 -3.45667900 -1.88033200
C   -0.42472700 -4.07629600 -0.94844200
C   -0.86551000 -3.05054100 -0.02777200
C   -1.73647900 -3.27037600  1.03653800
H   -2.07260300 -4.29405900  1.21054300
C   -2.23816400 -2.27676400  1.87398900
C   -3.20801000 -2.50588300  2.92364400
C   -3.47901500 -1.28884300  3.47899400
C   -2.66132100 -0.32108200  2.77875000
C   -2.60529800  1.03361900  3.09739200
H   -3.24851800  1.38613200  3.90576100
C   -1.75125000  1.96168800  2.50711300
C   -1.63443700  3.34235000  2.92553300
C   -0.66444700  3.90695600  2.14846800
C   -0.20196100  2.87455600  1.24576000
N   -0.87973600  1.70804300  1.48126400
N   -1.93066600 -0.94417200  1.80280600
N   -0.34649400 -1.83652600 -0.39525200
N    0.69699500  0.81453200 -0.72056000
O    0.67066800 -0.43984700  1.65704000
C    3.09549300 -2.34544400  0.54549500
H    3.05406200 -3.13433800 -0.21937900
C    3.86858400 -1.15021000  0.07944200
C    4.81710700 -1.24716400 -0.97431000
H    4.95941300 -2.21443900 -1.46560600
C    5.54644400 -0.15291100 -1.38505700
H    6.27410000 -0.21862100 -2.19827900
C    5.37425200  1.14871200 -0.75462100
O    6.02120500  2.15399000 -1.12692000
C    4.39623500  1.21613900  0.32181100
H    4.24359400  2.19050800  0.79207200
C    3.67473300  0.11063500  0.70832400
H    2.90464800  0.19037200  1.47880300
H   -2.22156900  3.79864200  3.72184600
H   -4.15771000 -1.04807000  4.29656000
H   -3.62021800 -3.48069600  3.18225600
H   -0.69843400 -5.12855000 -0.87853000
H    0.87037800 -3.89105800 -2.73781600
H    2.75942300  0.96592400 -3.35042800
Fe  -0.52946800 -0.08969000  0.61687300
H    2.58319100  3.29378000 -1.94270200
H   -0.28626700  4.92860800  2.16458400
H    2.07452300 -2.05493200  0.83520400
C   -5.22497200 -0.24965800 -2.70091400
H   -6.09426900  0.36866600 -2.41890700
H   -5.10545900 -0.17475100 -3.79523800
H   -5.45715000 -1.29539100 -2.45484600
H    3.57369100 -2.77768300  1.44494000

TS5a(gas phase model)
C   -4.04020600  0.25845100 -1.47116800
N   -3.31917600  0.19630200 -2.65394300
H   -3.70999500  0.10951100 -3.58429000
C   -1.99621500  0.27214900 -2.35661400
H   -1.19533000  0.24760100 -3.09217700
N   -1.83293600  0.37922100 -1.05440200
C   -3.08627800  0.37274900 -0.48661900
H   -3.21960700  0.45072400  0.58893300
C   -0.31815800  3.90001500 -0.54609500
H   -0.39942100  4.97896800 -0.69103400
C    0.39478800  3.17965000 -1.50077200
C    1.09616500  3.77844000 -2.61840700
C    1.73889400  2.76488700 -3.26565700
C    1.40665700  1.54523000 -2.55921400
C    1.78461000  0.26914200 -2.96722700
H    2.41277800  0.18798100 -3.85535700
C    1.36665800 -0.91386100 -2.36348300
C    1.56250800 -2.23172000 -2.92627000
C    0.92807300 -3.11070100 -2.09721200
C    0.37475000 -2.33256900 -1.01193700
C   -0.26807700 -2.87563000  0.09600500
H   -0.38012900 -3.96075400  0.13180300
C   -0.71729800 -2.14551700  1.19279100
C   -1.24772400 -2.72657900  2.40583600
C   -1.54001100 -1.68809800  3.24314000
C   -1.21630500 -0.47304500  2.52710200
C   -1.49317500  0.81090100  2.99294300
H   -1.91222300  0.90154600  3.99682200
C   -1.33095600  1.98194300  2.25612100
C   -1.72451700  3.30116300  2.70741000
C   -1.43788300  4.16319100  1.68971700
C   -0.84930200  3.37108800  0.62853500
N   -0.81933700  2.05470600  0.99079900
N   -0.70492300 -0.78085300  1.29398300
N    0.64476600 -1.00257900 -1.20116300
N    0.58897900  1.82577600 -1.49994200
O    1.43258300  0.84605800  0.76982700
C    2.18922600 -3.66937700  2.64364800
H    3.02172000 -4.33108600  2.94284300
C    2.67941700 -2.54589100  1.77292200
C    3.22055800 -2.85392600  0.47429000
H    3.22983900 -3.89978500  0.15154800
C    3.70459000 -1.88454300 -0.35504500
H    4.11301400 -2.11540400 -1.34028400
C    3.71669000 -0.47845800  0.04434600
O    4.19992600  0.40737500 -0.67346400
C    3.12258200 -0.18148500  1.36311400
H    3.36333600  0.79350400  1.78124600
C    2.66052400 -1.22643000  2.19434100
H    2.26836800 -0.97767000  3.18401600
H   -2.16360100  3.51951500  3.68004900
H   -1.95764800 -1.72310200  4.24853700
H   -1.36375200 -3.79487600  2.58279600
H    0.85446000 -4.19397300 -2.18300600
H    2.11259400 -2.43689200 -3.84357800
H    2.38082800  2.81670500 -4.14382500
Fe   0.02484400  0.52893200 -0.05098600
H    1.10196900  4.84316700 -2.84793600
H   -1.58501700  5.24171000  1.65060000
H    1.46220300 -4.29582200  2.10085000
C   -5.52950900  0.20357500 -1.41754300
H   -5.99228400  1.03749200 -1.97290600
H   -5.92221100 -0.73809000 -1.83834200
H   -5.86613100  0.26953600 -0.37372600
H    1.69838000 -3.29681800  3.55383700

IC6a’
N   51.54507900 30.25698800 47.20064600
H   51.18514700 29.82696100 46.30851100
H   50.74855500 30.56411800 47.76732800
H   52.09800900 29.55914000 47.73779700
C   52.52423200 31.36482200 46.93023600
H   52.68117600 31.39564800 45.84948900
C   52.01898200 32.72563000 47.43406500
H   51.94747200 32.70045300 48.52778700
H   52.80769500 33.44326000 47.17769600
C   50.70569600 33.19354200 46.86221100
C   49.67470400 33.57230200 47.65543400
H   49.76374500 33.50875100 48.73620800
C   48.44675200 34.10539500 47.11538100
H   47.65245400 34.39349400 47.79860800
C   48.26294800 34.28484600 45.77710900
O   47.12086600 34.82714500 45.25700200
H   50.67614600 34.76405900 42.65154200
C   49.30993300 33.92269900 44.84006300
C   50.54687800 33.25731100 45.37123000
H   51.43438300 33.68051500 44.88173800
C   53.87522000 30.97429900 47.59907500
O   53.90969600 29.84457600 48.16882300
O   54.80061900 31.81559800 47.50205700
O   49.13064900 34.13286800 43.61693000
O   52.01659400 30.92829300 43.05631100
H   52.49344400 30.39234000 42.39974500
H   51.24528000 31.31682200 42.55502100
O   50.71208600 29.19701200 44.76481400
H   51.22016800 28.36857500 44.74345100
H   49.63737700 32.75484100 42.42860000
O   53.38368500 33.41314500 43.39365600
H   52.74366400 34.02039900 42.95630200
O   51.46179600 35.08492300 42.16079000
H   51.40205200 34.61085600 41.31450500
H   52.97031600 32.53147000 43.26792300
O   49.89299200 32.05148800 41.79256100
H   50.29764700 32.54671800 41.06044300
H   51.19376300 29.78657700 44.12852100
H   50.50198800 32.22576100 44.98005400
H   47.25013200 34.84549200 44.28625900

TS7
N   51.19159500 30.06363400 46.62498400
H   51.44437600 29.44581800 45.81570600
H   50.24081800 30.41918400 46.48819600
H   51.20285000 29.49969000 47.48050000
C   52.20946800 31.17476600 46.70983700
H   52.39011000 31.48282400 45.67700600
C   51.69206100 32.34629900 47.53345600
H   51.36741900 31.98884100 48.51920600
H   52.56276600 32.98366100 47.71950300
C   50.59739700 33.18871200 46.90143500
C   50.03152000 34.22240200 47.61205500
H   50.32128700 34.39780900 48.64450700
C   49.07389200 35.08424100 47.01463100
H   48.64062200 35.89485000 47.59480300
C   48.68055000 34.92169200 45.70663900
O   47.73723200 35.73704300 45.12558100
H   49.99331600 34.36167000 42.57308000
C   49.19494300 33.83961400 44.91819100
C   50.24348000 33.03849900 45.50361900
H   51.31283200 33.57278400 44.89052500
C   53.55680600 30.57637100 47.20469000
O   53.73965200 29.34458200 46.95842000
O   54.36163600 31.36412700 47.75161600
O   48.76355200 33.68066800 43.71225500
O   52.44114200 31.34518300 43.20543500
H   52.92960200 31.29371300 42.36577800
H   51.47757600 31.37280700 42.93427800
O   52.48297500 28.83309500 44.50528100
H   53.16015300 28.91671900 45.21603100
H   49.41876700 32.23039400 42.93043900
O   52.34661000 33.87703700 44.13624400
H   51.86497500 34.27814200 43.34860400
O   50.80898900 34.53068300 42.04231900
H   50.97516800 33.66062900 41.63898000
H   52.56101500 32.95515700 43.80639100
O   49.82645700 31.43221300 42.50309100
H   49.80697400 31.63927600 41.55369700
H   52.55063700 29.68493100 44.01201000
H   50.36455700 32.06727500 45.02513600
H   47.63350400 35.38936000 44.21514500

PC 
N    51.60703700 30.25659000 47.19019300
H    51.37273600 29.65305100 46.35698600
H    50.74230800 30.46432300 47.69886600
H    52.26770800 29.75645400 47.80823400
C    52.32744700 31.49376700 46.73729600
H    52.12600300 31.60165100 45.67284600
C    51.83451800 32.74689600 47.48992800
H    51.72061600 32.51399100 48.55496400
H    52.62866500 33.49654600 47.40608800
C    50.55105500 33.29822500 46.90679100
C    49.33668300 33.31059900 47.59666500
H    49.28696000 32.94212900 48.61788100
C    48.17599200 33.80171600 46.98291900
H    47.22899500 33.81896300 47.51460600
C    48.21823200 34.26977600 45.67285300
O    47.07080800 34.74049700 45.07135400
H    50.35170400 34.76083300 43.30985300
C    49.43732700 34.25545900 44.96993500
C    50.58458600 33.78208700 45.59021700
H    53.89265100 32.73184400 44.66272000
C    53.84489600 31.26799800 46.91574900
O    54.20470900 30.32917100 47.67335800
O    54.58847100 32.07416300 46.28559500
O    49.41256000 34.69758700 43.66474900
O    51.70404500 30.95584200 43.07571500
H    52.04594000 30.49711100 42.28958600
H    50.89301700 31.43583700 42.75044900
O    51.02947700 28.91471900 44.82916700
H    51.77448400 28.29787700 44.73376100
H    49.34640800 33.06922900 42.61245500
